[0.7493866, 0.53823644, 0.51937133]
[0.54860204, 0.5421183]
[0.51172197]
[0.7162385]
[0.6130793, 0.58498275, 0.51905835, 0.50903785]
[0.6905442, 0.64038724]
[0.8570747, 0.522435]
[0.77412724]
[]
[0.51687336, 0.50864786]
[0.7555992]
[0.78269655, 0.577169]
[0.7039803, 0.6970465, 0.6849207, 0.67536163]
[0.6714045, 0.66415477, 0.59778804, 0.514237]
[]
[0.6539867, 0.5940745, 0.59044003, 0.57453454, 0.51923245, 0.51616114]
[0.7455885, 0.5104257]
[0.8002938, 0.77775955, 0.5959219]
[0.8508022, 0.817621, 0.6193431, 0.5345939]
[]
[]
[]
[0.6125648]
[0.7957386, 0.5038549]
[0.84946865]
[0.8758772]
[0.74377733, 0.5710734]
[0.8795992]
[0.79765135]
[0.853958]
[]
[0.62836134]
[]
[0.72874236]
[0.7520925]
[0.78673047]
[0.7165614]
[0.64128095, 0.6094123, 0.6087273, 0.5932169, 0.5513359]
[0.8381617]
[0.83233064]
[0.68913335, 0.5809339, 0.5340388]
[0.67850006, 0.64565414]
[0.53561616]
[]
[0.8045255]
[0.6954082]
[0.53499025, 0.5161209, 0.5154854, 0.5136344]
[0.7676148]
[0.50979084, 0.50374967]
[0.7806459, 0.54940146]
[0.5418625]
[0.82199824]
[0.55422646, 0.51128125]
[0.7505986, 0.5984066]
[0.6891244, 0.6861226]
[0.7325159]
[0.833895, 0.75673616]
[0.8078979]
[0.8545074, 0.8010808]
[0.8093503, 0.7417943]
[0.80984735]
[0.53708524]
[0.82655907]
[0.83822715, 0.5811131]
[0.68153584]
[0.9123963]
[0.67397046, 0.54545385]
[0.5517155, 0.5408082, 0.5195376, 0.5007694]
[0.7234089, 0.6305522, 0.56253666, 0.50343233]
[0.6751214]
[0.66888034, 0.6420871, 0.5321782, 0.5002842]
[0.6164331]
[0.6250863, 0.620055]
[]
[0.6084005, 0.554723, 0.55077577]
[0.6164096, 0.51145375]
[0.8381947]
[0.8058576, 0.5509929]
[0.80106956, 0.708281]
[]
[0.8117562]
[0.8970893]
[]
[0.5333613, 0.52967, 0.5030457]
[0.79836166, 0.7353042, 0.67925984]
[0.82846797]
[0.78678024, 0.77636135]
[0.7204968, 0.7171564, 0.653309]
[0.82197565]
[0.813129]
[0.69198763]
[0.6410566]
[0.68296725, 0.64046246, 0.6210311, 0.52903104, 0.51819986, 0.5024915, 0.501379]
[0.8088025]
[0.62559956]
[0.62443507]
[0.67942387, 0.6669326, 0.64835894, 0.61486393, 0.6003495, 0.53591555]
[0.73111933, 0.5276355]
[]
[]
[0.76086426]
[]
[0.7701524]
[0.64440256]
[0.569952]
[]
[0.5631496]
[0.68906015, 0.5800141]
[0.7456419]
[0.7498943]
[]
[0.5816017, 0.52048993]
[0.81319684]
[0.78876805, 0.5799843, 0.57946706, 0.5592721, 0.5179442, 0.50295967]
[]
[]
[0.77521545, 0.5700275]
[0.51698685]
[0.7406034]
[0.78471696, 0.7291608]
[0.8113556]
[0.8136772]
[0.79105043]
[]
[0.7651841, 0.55487233]
[0.77515644, 0.57889193]
[0.680053, 0.559328, 0.5505727]
[]
[0.584219]
[]
[0.59654]
[0.76895976]
[0.7351871]
[0.7187489, 0.5741947]
[]
[0.738819, 0.61764085, 0.51444805]
[0.60225576]
[0.64608836, 0.579084, 0.5185808]
[0.61046344, 0.6025348]
[0.7221975]
[0.62202334]
[0.59754586, 0.5580869, 0.5007819]
[0.6943607, 0.6021433]
[0.7640183, 0.7537388, 0.6355795, 0.56837076]
[0.5036427]
[0.67484564, 0.6212194, 0.5666398, 0.515016]
[0.58488894, 0.5113188]
[0.7774505, 0.75543797, 0.6276591, 0.60221064, 0.53719646]
[0.7593538]
[0.60539603]
[0.74262255]
[0.63569325, 0.6343424, 0.6305169, 0.63012975, 0.57407063, 0.5051089]
[0.7501066, 0.63813955, 0.54451823]
[0.8797043]
[0.73272276, 0.6534916]
[0.7000275, 0.5476508, 0.5394905, 0.5018512]
[0.830291]
[0.78849006, 0.7462208, 0.7304017]
[0.7168736]
[0.79076177]
[0.8122737]
[0.6286667]
[]
[0.72424465, 0.65810996, 0.60840166, 0.5136783]
[0.7173023]
[0.8879091]
[0.8233339]
[0.7208223, 0.7099119]
[0.58203685, 0.5629716, 0.5392381, 0.5125048]
[0.586879]
[]
[0.73108613]
[0.7651221, 0.52996224]
[0.77876234, 0.63201994, 0.5230431, 0.518515]
[0.6172376]
[0.8210918]
[0.6904368]
[0.72653896, 0.6212832, 0.6091371]
[0.6698101]
[0.8398763]
[]
[0.695364, 0.57792413, 0.54957837, 0.52366763]
[]
[0.72658914, 0.56147146, 0.5403607]
[0.63588345, 0.531613, 0.5155185]
[0.791277]
[0.6025862, 0.54780483]
[0.5877013]
[0.7555158]
[0.8540803]
[0.6580433, 0.65199953]
[]
[0.70932114]
[0.61361223]
[0.73649305, 0.69701695, 0.6106797, 0.59268236, 0.50190306]
[0.77972263, 0.6962975, 0.58318484, 0.5322582]
[0.76187354, 0.6873172, 0.6677262, 0.5106226]
[0.7057163, 0.59979707]
[0.82830274]
[0.76572627]
[0.7202158]
[0.6896747]
[]
[0.6145066, 0.52503633]
[0.7461185]
[0.8302035, 0.65723705, 0.5265046]
[0.77260613, 0.70473546, 0.5766918]
[0.69758826, 0.62324905, 0.55042166]
[0.8381791]
[0.8291522, 0.5868191]
[0.81419444]
[0.8238752]
[0.76469505, 0.7373617]
[0.81156826]
[0.79895544]
[0.6885291]
[0.6732948, 0.56953883, 0.544343, 0.5193311, 0.51597047]
[0.68728536, 0.6635244]
[0.74044216, 0.6129379]
[0.56875324]
[0.7435727, 0.68809354, 0.52668273]
[0.7952024]
[0.6773793]
[0.6922969, 0.5481461]
[]
[0.5307136]
[0.7352396]
[0.7039524]
[]
[0.51361]
[0.81847703]
[0.5824225]
[0.7564539]
[0.7868557, 0.6740353]
[0.5789534]
[0.5895809, 0.5533706, 0.5513896, 0.55039054, 0.5046431]
[0.76908636]
[0.511188]
[0.55189896, 0.5298743, 0.5129101]
[0.77548796]
[]
[0.5565357, 0.54941803]
[0.7265543]
[0.84996253]
[0.7904433]
[0.7838063, 0.7558924, 0.57571954]
[0.71881205]
[0.71220255, 0.6408504, 0.55719656]
[0.6640985, 0.63473094]
[0.8392331]
[0.7044221, 0.6783357]
[0.8077944]
[0.78190887]
[0.64422894, 0.57607126, 0.5502228, 0.5097217, 0.5077545]
[0.738749]
[0.64126104, 0.55836076]
[0.70533025, 0.6446141]
[0.53744334]
[0.73423624]
[0.8388275]
[0.60447234]
[0.85954195, 0.5815409, 0.57809144]
[0.79999405]
[0.59885365]
[0.8544114]
[0.72432065, 0.6233368, 0.61562604]
[]
[0.6869054, 0.6116352, 0.60310555, 0.58783287, 0.5500847, 0.54623514, 0.52972585, 0.50022346]
[0.76050127]
[0.782364, 0.6230271]
[0.8392184, 0.7182366, 0.59321755, 0.55629104]
[0.840449]
[0.8913416, 0.7414817]
[0.81161153]
[0.78583497]
[]
[0.68181825, 0.6497832]
[0.6957717]
[0.78753626, 0.54041064]
[0.6645557, 0.6068264]
[0.8464924, 0.60403335, 0.5958397]
[0.7768132, 0.5433205]
[0.8178091, 0.7231082]
[0.6455149, 0.62858546, 0.5569963]
[]
[0.7067408]
[0.8052729]
[0.7339814]
[]
[0.6148398, 0.60912645]
[0.6828935, 0.6772711, 0.58754236]
[]
[0.83878845]
[0.7589553, 0.61355275, 0.57564014]
[0.70816094]
[]
[0.6389195, 0.57800835, 0.5070591]
[0.79375553, 0.6520738, 0.64050645, 0.6336836, 0.6278996, 0.5777172, 0.5678559, 0.5663853, 0.5445642, 0.50750417, 0.5027335]
[0.6731688]
[0.78722537]
[0.7354281, 0.58777577, 0.5617088]
[0.5262844]
[0.6281084]
[0.8979007, 0.6217335]
[0.71326613, 0.62876433]
[0.66160166]
[0.7153544, 0.5180305]
[0.7680321]
[0.5313732]
[0.55995387, 0.5575115, 0.5519692]
[0.9059151, 0.87364477]
[0.73282295]
[]
[0.8078128, 0.7321181]
[0.8276964]
[0.69894195, 0.6958845, 0.66584677, 0.65370417]
[]
[0.83631474]
[0.51644605]
[0.83067584]
[0.84292465]
[0.6853319, 0.5832089, 0.5729929, 0.5722472]
[]
[0.8070033]
[0.7207421, 0.5750291, 0.51253945]
[0.7506746, 0.56852996]
[0.57949716]
[0.729318, 0.54094875]
[0.7082522]
[0.82402045]
[0.60922694, 0.5399235]
[0.5484749]
[]
[0.87156117, 0.7305967, 0.596301, 0.56508195, 0.5260034]
[0.7876629]
[0.6256099]
[0.76054645]
[]
[0.7304978, 0.5830805]
[0.79826295]
[0.6640409]
[0.57576036, 0.5120647]
[0.6733936, 0.6412482, 0.6158046, 0.60675776, 0.5253956, 0.51129776]
[0.7841273]
[0.7550085]
[0.85995764]
[0.6163066, 0.5646444, 0.5535187, 0.50464743, 0.5022704]
[0.7220173]
[0.8096581]
[0.78114825, 0.56715775, 0.52081424]
[0.8174449]
[0.7882718]
[0.77841836]
[0.7873622]
[0.7008846]
[0.66010195]
[0.817717]
[0.7919871]
[0.7095164, 0.69360745]
[0.7008842]
[0.5274756]
[0.78313243, 0.74202305, 0.5212333]
[0.7105061, 0.66545737]
[0.78367585, 0.75878173]
[0.77280176]
[0.79126257]
[0.76618963]
[0.618025, 0.5931959, 0.5443635, 0.500543]
[0.8069392]
[0.7322029, 0.67969406]
[0.73468876]
[0.8184302, 0.672365, 0.64437217]
[0.80990916]
[0.5494258]
[0.7877205]
[0.8371231]
[0.75772214]
[0.7652731]
[0.5573927, 0.5478278]
[0.75365037, 0.53255326]
[0.51170754]
[]
[0.54442555]
[0.6955988, 0.5026888]
[0.72971976, 0.72773486]
[0.63521737]
[0.65750045]
[0.7787561]
[]
[0.5172037]
[0.640618, 0.557463]
[0.8306952, 0.7681831, 0.7001945]
[0.6383196]
[0.6350169]
[0.6339182, 0.55837554, 0.5561023, 0.5546901, 0.5501401]
[]
[0.6704617, 0.6029164, 0.5799761]
[0.81795335]
[]
[0.680188]
[0.67882407]
[0.5801573]
[0.73189694]
[0.641269]
[0.82968664]
[0.633835, 0.63174134]
[0.6939331, 0.62731767]
[0.78019553]
[0.66286916]
[0.8587446]
[0.839494, 0.55224186]
[0.67313564]
[0.7968455]
[0.7035032, 0.55799395]
[0.8032795]
[0.6183805, 0.5728344, 0.56334776]
[0.8243662, 0.5057989]
[0.7923965, 0.78738165, 0.7509546]
[]
[0.82864565]
[0.77528185, 0.6845646]
[0.65355]
[0.8495603]
[0.8483112, 0.82190174]
[0.7475645, 0.5205375]
[0.838016, 0.8089237, 0.64557517]
[0.79140556]
[0.71638477]
[0.7587207, 0.7151658]
[0.7779237, 0.55212563]
[0.76080734]
[0.8043636]
[0.7890813]
[0.6492192]
[0.71753144, 0.7074041, 0.6924248, 0.6549728, 0.6046878, 0.5006783]
[0.70222497]
[0.66704106]
[0.82398075, 0.5993713]
[]
[0.6872021, 0.62854826]
[]
[0.84185255]
[0.6085089]
[0.82638764]
[0.62941605, 0.555132]
[0.8209822, 0.74420273, 0.5724271]
[0.820055, 0.81267595, 0.57714415, 0.5691868, 0.50148857]
[0.767018]
[0.79962385]
[0.80735284]
[0.7181952, 0.5836954]
[0.7342112]
[0.7520446]
[0.771631]
[0.6874164, 0.5774188, 0.5299629]
[0.61100066, 0.60659057]
[0.90033185]
[0.7853515]
[0.79938465]
[0.7818285, 0.7590653]
[0.66130286, 0.63054645]
[0.707342, 0.62294185, 0.6020153]
[0.7260544, 0.5583389]
[0.5873665]
[0.7868788, 0.7830428, 0.62355554]
[0.7551308]
[0.6420111]
[]
[0.51260644]
[0.77793187]
[]
[0.7395695, 0.573194, 0.50996137]
[0.7185861]
[0.8371873]
[]
[0.8178654, 0.5867613]
[0.5461579]
[0.87232995]
[0.7268236]
[0.799955]
[0.85090464]
[0.89792556, 0.53187084]
[0.714058]
[0.7729278]
[0.70823205]
[0.6689983, 0.6116107, 0.5447325]
[0.56655234]
[0.8164821]
[]
[0.79669076]
[0.852426, 0.66749585]
[0.659475]
[0.62149143]
[0.66727495, 0.6668065, 0.52440834, 0.51362497]
[0.5858987]
[0.68497473]
[0.70596325, 0.6270901]
[0.72873473]
[0.78504306]
[0.62444365]
[0.67399675, 0.5493999, 0.5457508]
[0.7388801, 0.64183336, 0.5559749]
[0.73513335, 0.7187124]
[0.7798832]
[0.7866631]
[0.7042001, 0.528847]
[0.70114386, 0.53703713]
[0.7642311]
[0.80088663]
[0.5291768]
[0.51991737]
[0.6376264, 0.5645598]
[0.6200102, 0.53070664]
[0.59191126, 0.58116984, 0.5501546]
[0.79361516, 0.50753325]
[0.7701031]
[0.81347245]
[]
[0.74049807, 0.71244234, 0.6662024, 0.5788156]
[0.6060162]
[0.8259617, 0.5202792]
[0.7237606, 0.71499676, 0.5488036]
[0.81937283, 0.5152032]
[0.84406996]
[0.7863461]
[0.7552856, 0.5103914]
[0.8402149, 0.7236449]
[0.8880136]
[0.8345637]
[0.63316315, 0.5034859]
[0.7413884, 0.72985893, 0.58257395, 0.54868513, 0.5019017]
[0.68508506, 0.6003913, 0.59989774, 0.5305833, 0.5064685]
[0.76412505, 0.6308945]
[]
[0.831331, 0.70499265]
[0.8836117]
[0.6068369]
[0.79044193, 0.59226066]
[0.7917824]
[0.7261472]
[0.87662446, 0.7751568]
[]
[]
[]
[0.8709537]
[0.6797127, 0.64915144]
[0.77751994]
[0.75368136, 0.70536494]
[0.90827537, 0.648912, 0.5316546]
[0.7605205]
[0.71878326, 0.63784003, 0.6133674]
[0.7502977, 0.73806065, 0.6753068]
[0.5914122]
[0.8302967]
[0.7310768, 0.5827982, 0.5569721, 0.53461367]
[0.7207385, 0.6113555]
[]
[0.76230013, 0.6175023]
[0.7360261, 0.64974093, 0.62432206, 0.53660876, 0.5092592]
[]
[0.78238416]
[]
[]
[0.59908986]
[0.81687474]
[0.55488557]
[0.70593965, 0.646049, 0.5700048, 0.5573796, 0.532807, 0.514619, 0.5138197]
[0.70527977]
[0.5089038]
[0.8181296]
[0.82872844]
[0.81009847]
[]
[]
[0.7195356]
[]
[0.614327]
[0.7534715, 0.55862474]
[0.8112775]
[0.7007284]
[0.6980423]
[0.7008936]
[]
[0.7592357]
[0.8253333, 0.5556938]
[0.7822974, 0.7445149, 0.61079526]
[0.780024]
[0.79850394]
[]
[]
[0.603684, 0.58335745, 0.5667311]
[0.69861233]
[0.6796546]
[0.7163556]
[0.8337791, 0.8089243, 0.72565866]
[0.67713386, 0.63077056, 0.52341133]
[0.60289514]
[]
[0.53384215]
[0.824192]
[0.81599504]
[0.8549752]
[0.5728074]
[0.7528637]
[]
[0.8188356, 0.76679534]
[0.8012703]
[0.81002307]
[0.75245625]
[0.70765185]
[0.68262696, 0.6561397, 0.5817823, 0.52417]
[]
[0.74858606, 0.74534607, 0.7247254, 0.7152539, 0.65770805]
[0.60422003]
[0.7815659]
[0.7493115]
[0.60684276, 0.6031857, 0.55064577]
[0.7143633, 0.53089213]
[0.51915306, 0.5094692]
[0.59622365]
[0.6737417, 0.6516313, 0.5538813, 0.539839]
[0.75071925, 0.7098728]
[]
[0.7441947]
[0.7636722]
[0.7739623, 0.6836036]
[0.7427139]
[0.8137475]
[0.81608355, 0.7896921]
[0.5592081]
[0.8203791, 0.563888, 0.53657603]
[0.6423627, 0.6079111]
[0.70273757, 0.5320996]
[0.8102473]
[0.7507534]
[0.67299557]
[0.67540836]
[0.8479256]
[0.51416963]
[0.64398247, 0.6418827, 0.62709415, 0.61228305, 0.5296121, 0.5064984]
[0.70369005]
[0.7168774, 0.5335635, 0.51876175]
[0.76285934, 0.60935944, 0.54792136, 0.5386726]
[]
[0.70647776, 0.65489936]
[0.7297758]
[]
[]
[0.8381303]
[0.75946844, 0.75881445, 0.72876585]
[0.61799836]
[0.63710445]
[0.7122959, 0.51875794]
[]
[0.6099771]
[0.7553091, 0.58134663, 0.50988746]
[]
[0.8571101]
[0.5768115, 0.56759703, 0.5201984]
[0.80265003, 0.5587604]
[0.6997053, 0.58704895, 0.5460995, 0.51042515]
[0.55125606]
[0.7193431]
[0.7910419]
[0.64521563, 0.60898614, 0.5685145, 0.52677286]
[]
[0.72741985]
[0.75084543, 0.5442199, 0.52549595]
[0.8486867]
[0.9178698]
[]
[]
[0.84188336]
[]
[0.52293915]
[0.83845043]
[0.7479213]
[0.7933797]
[0.6671968, 0.5566874]
[0.7816655, 0.5600287]
[0.74507886, 0.5791073]
[0.811622, 0.6024815]
[0.69049877, 0.50292814]
[0.55484694]
[0.7287399]
[0.81700605]
[0.7525266]
[0.65711814, 0.609762, 0.58406323, 0.5728348]
[0.7328192]
[0.69954485]
[0.64710295]
[0.7921497, 0.6768516, 0.54321384]
[0.85675]
[0.77042806, 0.7146765]
[0.66674644]
[0.7317409]
[0.8086689]
[0.5305514, 0.5073325]
[0.74149436, 0.5741613]
[0.83610636]
[0.7273689, 0.6419991, 0.6238704, 0.56152594, 0.526464]
[0.6439396, 0.5572513, 0.54895866, 0.5245772]
[0.8081584, 0.5410579]
[0.74477446, 0.62220323]
[0.86039007]
[0.85862374, 0.69098556]
[0.7712401]
[0.8470383, 0.6259211]
[0.56692874]
[0.6407689, 0.63806415, 0.615375]
[0.79378664, 0.59020835]
[0.6897703]
[0.761634]
[0.65505576]
[0.6906711]
[]
[0.5332666]
[0.5733842]
[0.7864569]
[0.5869978]
[0.7936391, 0.5747901]
[0.8080715]
[0.63520765, 0.57265586]
[0.54745823, 0.5318233, 0.52417266, 0.51702267]
[0.71392035, 0.5369715]
[0.7402723, 0.66411096, 0.5409017]
[0.74785924]
[0.7987769]
[0.69302434, 0.548558]
[0.8397571]
[0.8355316]
[]
[0.7197029, 0.6018015, 0.567654]
[]
[0.7910301]
[0.57986796, 0.5412497, 0.52085036]
[0.85143924, 0.8238183, 0.71224207, 0.5887343, 0.5297129]
[0.8677259, 0.78347623]
[0.70430285, 0.57479316, 0.5630257, 0.52165383]
[0.7971027]
[0.85203075]
[0.60297257]
[0.700326, 0.51133466]
[0.7067, 0.6622171]
[0.8994445]
[0.768593]
[0.62067485, 0.5443556]
[0.77447945]
[0.5710783]
[0.7314561]
[0.8388223]
[]
[0.76913327]
[0.66682994]
[0.72717977, 0.70312005, 0.65983695, 0.53381085, 0.5112221]
[0.81014484, 0.6637791]
[0.74268323]
[]
[0.84827656, 0.6817752]
[]
[0.8253489, 0.73426116, 0.65460134]
[0.66567093]
[0.53336495]
[0.8417567]
[0.7499176]
[0.8805121, 0.5138699]
[]
[0.57565606, 0.557281, 0.5362165, 0.50282913]
[0.62091154]
[0.7216049, 0.5815281, 0.5152459, 0.51054335]
[]
[0.8534574, 0.71531624]
[0.8257829]
[0.85927606]
[0.6645815]
[0.680698]
[0.5546308, 0.54645735, 0.5069711]
[0.6122198]
[0.63959503]
[0.5753317]
[]
[0.7296454]
[0.76869583, 0.6225453, 0.5967628, 0.5630537, 0.5622202]
[0.7820955, 0.6552183]
[0.77269316]
[0.8177663]
[0.69705045]
[0.7240814, 0.64120203]
[0.7870896, 0.5858222]
[0.7665569, 0.5184379]
[0.7193401, 0.6841264]
[0.8043151, 0.5248861]
[0.79569745]
[0.8487083]
[0.7104703]
[0.80951995, 0.6348647, 0.596578, 0.5219147]
[0.5842459, 0.5407661]
[0.7874219]
[]
[0.7647605]
[0.7026966, 0.67495036, 0.6162426, 0.5400891, 0.52045506]
[0.76494974]
[0.79254, 0.5341931]
[0.5373151, 0.5001259]
[0.6608882, 0.5404209, 0.510196]
[0.81816036]
[0.8082284]
[0.8281025]
[0.7900177]
[0.6522025]
[0.7378666]
[0.5017785]
[0.764587, 0.6880861, 0.596395, 0.56972355, 0.50469756, 0.50081474]
[]
[0.6689935, 0.55414885]
[0.75300527]
[0.70320845, 0.62685066]
[]
[]
[0.7853404]
[0.8342296, 0.5284315]
[0.52056336]
[0.78738904, 0.7154738]
[0.7451864]
[0.67904425, 0.5707481, 0.502692]
[0.74739754]
[0.7444916, 0.7263878, 0.6382905]
[0.6093584, 0.5923363]
[0.84670925, 0.7014903]
[]
[0.7342756, 0.6882869, 0.5965794]
[0.82811546, 0.504198]
[0.8183339]
[0.7947428]
[0.62846416, 0.5884424, 0.57142323]
[0.69203156]
[]
[0.70076543]
[0.68582904]
[0.7387198, 0.6284649, 0.50558776]
[0.90878534, 0.5246951]
[0.8515823]
[0.68924505, 0.64191747]
[0.70054084]
[0.6218482, 0.58194757, 0.51539695]
[0.7518986, 0.64683384]
[0.79639465, 0.7506663, 0.62948203]
[0.6599642]
[0.56774926]
[0.63833785, 0.5410128]
[0.8416654]
[0.827043, 0.82669383]
[0.5478107]
[0.76211536, 0.6002138, 0.5677194, 0.5157835]
[0.78511244]
[0.84098256]
[]
[0.7525981, 0.6601527, 0.6055005, 0.5884671]
[0.6706938]
[]
[0.67182255]
[0.72592396, 0.7166893]
[0.6484384]
[0.7956518, 0.6590508, 0.5806454]
[0.73222953, 0.54833215, 0.50173885]
[0.6722607, 0.6562764]
[0.6377295]
[0.80180424]
[0.7034323, 0.5238187]
[0.785338, 0.5750766]
[]
[]
[]
[0.56542295]
[]
[0.69405586]
[]
[0.5668264]
[]
[0.80890656, 0.59571093]
[0.8907677, 0.7951269]
[0.59112865, 0.54675543]
[0.87258255]
[0.6953439]
[0.8138172]
[0.77641463]
[0.55504155]
[0.8090107]
[0.5416215, 0.5063123]
[0.71586365, 0.61290085]
[0.6652447]
[0.5891912]
[0.77274996, 0.68086, 0.59448236, 0.50548714]
[]
[0.65853745, 0.61918753]
[0.8199408]
[0.74172646]
[]
[0.68593425, 0.6580492, 0.58579934, 0.5429837]
[]
[0.65165323, 0.5157585]
[0.741326]
[0.61604095, 0.6139477, 0.57309645, 0.5124812]
[]
[0.7955062]
[0.7854999]
[0.6881914, 0.66668296, 0.65090925, 0.58045006, 0.561485, 0.5368382, 0.50843006]
[0.8230271, 0.7675482]
[0.7780793]
[0.788147]
[0.81279105, 0.7005046]
[0.62486446, 0.5033465]
[0.7291803]
[0.5667343]
[]
[0.73934746]
[0.7377854]
[0.6817464]
[0.68979436, 0.6690912]
[0.82893795, 0.70963883, 0.6298779]
[0.5553513, 0.53125674]
[0.6094281]
[0.71491367, 0.56829274]
[0.52906555]
[0.714549]
[]
[0.7042116, 0.5506274]
[0.8203351, 0.57660824]
[0.5993227]
[0.79824114]
[0.6489207, 0.50778794]
[0.79246736]
[0.7788656, 0.7764685]
[0.55945486]
[0.7445498]
[0.83676136]
[0.5769329]
[0.8182782]
[0.6593787, 0.599178]
[0.67759854, 0.5614356]
[0.52809674]
[0.67777026, 0.6624499, 0.5929944, 0.5583737, 0.545693]
[0.72634214, 0.5475531]
[0.8086337]
[]
[0.82795954, 0.61105156, 0.5400648]
[0.8681076, 0.60782266]
[0.8071093, 0.6908338]
[0.6390975]
[0.7401011, 0.56694007]
[0.60614926, 0.5936944, 0.5481156, 0.5352874, 0.5103552]
[0.753382]
[0.9069474]
[0.770647]
[0.64664936, 0.5745449]
[0.73382986, 0.6683908]
[0.58111644]
[0.75017333]
[0.65758276, 0.62595797, 0.5802691, 0.51286674]
[0.8201059, 0.7233398]
[0.5482759]
[0.7682857]
[0.81473225, 0.585844, 0.5501473]
[0.6896056, 0.68400407, 0.6274862]
[0.71779627]
[0.79090035, 0.73479784, 0.69787985]
[0.78990287, 0.69498366]
[]
[0.7246308]
[0.64928865, 0.59943473]
[0.65867096, 0.63896686, 0.6082307]
[0.7153769]
[0.7268774, 0.5196527]
[0.8327793, 0.6667454]
[0.81010884]
[0.74315345]
[0.7307526]
[0.6459316]
[]
[0.76934344]
[0.78889596]
[]
[0.63635314]
[0.7527911]
[0.52536476]
[0.50281477]
[]
[0.5769601]
[0.7923486]
[0.8726615]
[0.82873046]
[0.76341414, 0.72972286, 0.57889384]
[0.7474918, 0.70211077]
[]
[0.64306504, 0.6275558, 0.5336088, 0.5004705]
[0.64367706]
[0.61590374]
[0.8140683]
[0.7068245]
[0.9178642, 0.89251643]
